1.760254, 692.524780, 22.389565
-0.235474, 692.622925, 22.303690
-2.231262, 692.721741, 22.208809
-4.227051, 692.821472, 22.106216
-6.222717, 692.922729, 22.003677
-8.218384, 693.025940, 21.908237
-10.214111, 693.131653, 21.823959
-12.209534, 693.240234, 21.748919
-14.205017, 693.352112, 21.679735
-16.200439, 693.467773, 21.622253
-18.195435, 693.587463, 21.560976
-20.190735, 693.711609, 21.500191
-22.185486, 693.840515, 21.435707
-24.180298, 693.974426, 21.383104
-26.174622, 694.113037, 21.343081
-28.169128, 694.255737, 21.300934
-30.162964, 694.402100, 21.254190
-32.157104, 694.551880, 21.209951
-34.150635, 694.704346, 21.181978
-36.144409, 694.859375, 21.162786
-38.137817, 695.016357, 21.142925
-40.131226, 695.175171, 21.120224
-42.124756, 695.335327, 21.081001
-44.117920, 695.496460, 21.040586
-46.111206, 695.658203, 20.994909
-48.104675, 695.820557, 20.968056
-50.097778, 695.982910, 20.956505
-52.091125, 696.145508, 20.939224
-54.084473, 696.308716, 20.924829
-56.077637, 696.473022, 20.914606
-58.070740, 696.638672, 20.907969
-60.063721, 696.806335, 20.915400
-62.056458, 696.976196, 20.912807
-64.049072, 697.148865, 20.891630
-66.041260, 697.324707, 20.887058
-68.033203, 697.504211, 20.889442
-70.024902, 697.687805, 20.903118
-72.015869, 697.875977, 20.887426
-74.006714, 698.069397, 20.863274
-75.996765, 698.268494, 20.867693
-77.986206, 698.473999, 20.865417
-79.975159, 698.685852, 20.835478
-81.962891, 698.904297, 20.824387
-83.950684, 699.129395, 20.824224
-85.936646, 699.361267, 20.851303
-87.922852, 699.600220, 20.883451
-89.907227, 699.846558, 20.884268
-91.891357, 700.100586, 20.858166
-93.874329, 700.362671, 20.827911
-95.855774, 700.633362, 20.806738
-97.835693, 700.913452, 20.851202
-99.814392, 701.203857, 20.907772
-101.791565, 701.505737, 20.947138
-103.766724, 701.820007, 21.023121
-105.739258, 702.147339, 21.107012
-107.709473, 702.488281, 21.164238
-109.677246, 702.842896, 21.191713
-111.642456, 703.210815, 21.220366
-113.604980, 703.591187, 21.284950
-115.565369, 703.982849, 21.361439
-117.523621, 704.383789, 21.346874
-119.480469, 704.792236, 21.292639
-121.435547, 705.206543, 21.344526
-123.389587, 705.626282, 21.482073
-125.342163, 706.050293, 21.591999
-127.294556, 706.478149, 21.606552
-129.245789, 706.908936, 21.652830
-131.195984, 707.341919, 21.794035
-133.145996, 707.776794, 21.934742
-135.096008, 708.213074, 22.040028
-137.045044, 708.650024, 22.141602
-138.993530, 709.087463, 22.205105
-140.943298, 709.525879, 22.268942
-142.891357, 709.964600, 22.349968
-144.840881, 710.404663, 22.437038
-146.788086, 710.845276, 22.531601
-148.736145, 711.287231, 22.631065
-150.684448, 711.730469, 22.714495
-152.631897, 712.174927, 22.805265
-154.578552, 712.620667, 22.934364
-156.525269, 713.067810, 23.077675
-158.471802, 713.516479, 23.207495
-160.418030, 713.966675, 23.335693
-162.364014, 714.418335, 23.474024
-164.309753, 714.871643, 23.614656
-166.255249, 715.326538, 23.755350
-168.200500, 715.783081, 23.900620
-170.145447, 716.241455, 24.031658
-172.089508, 716.701538, 24.162722
-174.033325, 717.163574, 24.284718
-175.976807, 717.627808, 24.390738
-177.919861, 718.094482, 24.481539
-179.862183, 718.563477, 24.559507
-181.803894, 719.035278, 24.626694
-183.745239, 719.510132, 24.691231
-185.685822, 719.988281, 24.768833
-187.625519, 720.470215, 24.832542
-189.564178, 720.956177, 24.888832
-191.501648, 721.446899, 24.949200
-193.437866, 721.943115, 25.016842
-195.372375, 722.445618, 25.080458
-197.304291, 722.955444, 25.130123
-199.234222, 723.474731, 25.184607
-201.162415, 724.005371, 25.246887
-203.085022, 724.548523, 25.309660
-205.004486, 725.107056, 25.368109
-206.919434, 725.682800, 25.404146
-208.828186, 726.277405, 25.427727
-210.730499, 726.892212, 25.445375
-212.626221, 727.527954, 25.468840
-214.515259, 728.183655, 25.486362
-216.397827, 728.857605, 25.516787
-218.274780, 729.546936, 25.545448
-220.147552, 730.248657, 25.554873
-222.016968, 730.960388, 25.566357
-223.883026, 731.680664, 25.572330
-225.745972, 732.408875, 25.570263
-227.605713, 733.144409, 25.573021
-229.462891, 733.886963, 25.579258
-231.317291, 734.636353, 25.562620
-233.168854, 735.392517, 25.544022
-235.017761, 736.155640, 25.534540
-236.863831, 736.925842, 25.529856
-238.706604, 737.703674, 25.536579
-240.545807, 738.489502, 25.527742
-242.380798, 739.284485, 25.511049
-244.211060, 740.090210, 25.519156
-246.035767, 740.908325, 25.522968
-247.854370, 741.739929, 25.510006
-249.666687, 742.585815, 25.499979
-251.472046, 743.445801, 25.490911
-253.270782, 744.319458, 25.485624
-255.063324, 745.205994, 25.493982
-256.850586, 746.104370, 25.486439
-258.631927, 747.012573, 25.427601
-260.408386, 747.929688, 25.347454
-262.182953, 748.855103, 25.320974
-263.952148, 749.785522, 25.310453
-265.720093, 750.721680, 25.284084
-267.485168, 751.661865, 25.289774
-269.248291, 752.605713, 25.291965
-271.010010, 753.552795, 25.267035
-272.770081, 754.502563, 25.259531
-274.528931, 755.454712, 25.259832
-276.286621, 756.408813, 25.263571
-278.043121, 757.364502, 25.274818
-279.799561, 758.321960, 25.247442
-281.554840, 759.280396, 25.177519
-283.309601, 760.239563, 25.117786
-285.064056, 761.199463, 25.065723
-286.817780, 762.160095, 25.021814
-288.570770, 763.121765, 25.024366
-290.323364, 764.084961, 25.059124
-292.074768, 765.049683, 25.130632
-293.825317, 766.016418, 25.166662
-295.574463, 766.984985, 25.040648
-297.322815, 767.955933, 24.913464
-299.069519, 768.928772, 24.866663
-300.815460, 769.903992, 24.822090
-302.559692, 770.880981, 24.790989
-304.304260, 771.860779, 24.819689
-306.046234, 772.841431, 24.836815
-307.787659, 773.824036, 24.751957
-309.528595, 774.808350, 24.690790
-311.268829, 775.794067, 24.677923
-313.008331, 776.781128, 24.675211
-314.747101, 777.769409, 24.632147
-316.485107, 778.758972, 24.594509
-318.222412, 779.749756, 24.592077
-319.959045, 780.741821, 24.550613
-321.694824, 781.734985, 24.510178
-323.429779, 782.729553, 24.448755
-325.163696, 783.725403, 24.384584
-326.897064, 784.723022, 24.348101
-328.630188, 785.722900, 24.306822
-330.361755, 786.724426, 24.269444
-332.090271, 787.727234, 24.260374
-333.819824, 788.734192, 24.224449
-335.545288, 789.742554, 24.179655
-337.270111, 790.754761, 24.150204
-338.993042, 791.770386, 24.120638
-340.713348, 792.789185, 24.095972
-342.432861, 793.812744, 24.067007
-344.148132, 794.839050, 24.037699
-345.861572, 795.869751, 24.029255
-347.573669, 796.904785, 24.050222
-349.282837, 797.942627, 24.066292
-350.989227, 798.985962, 24.027559
-352.688812, 800.038940, 24.013035
-354.378540, 801.109375, 24.004734
-356.051025, 802.205688, 23.965387
-357.698608, 803.338989, 23.945217
-359.312317, 804.520142, 23.972269
-360.886597, 805.753540, 23.992472
-362.420166, 807.037109, 23.995161
-363.916077, 808.364258, 23.977869
-365.380981, 809.726074, 23.938351
-366.820038, 811.114746, 23.910765
-368.234222, 812.528687, 23.909576
-369.623657, 813.966797, 23.891712
-370.988831, 815.428040, 23.851639
-372.330200, 816.911316, 23.816216
-373.648193, 818.415466, 23.800869
-374.944763, 819.938599, 23.782936
-376.222504, 821.476196, 23.731813
-377.485779, 823.026489, 23.688198
-378.737274, 824.586304, 23.685476
-379.979370, 826.153442, 23.675663
-381.214661, 827.726624, 23.640348
-382.444153, 829.303528, 23.623386
-383.670227, 830.884216, 23.592039
-384.892822, 832.466309, 23.548973
-386.113647, 834.050293, 23.509441
-387.333069, 835.635498, 23.474579
-388.551575, 837.221497, 23.445194
-389.769531, 838.807800, 23.431147
-390.987396, 840.394287, 23.411528
-392.205475, 841.980469, 23.394058
-393.424255, 843.566284, 23.394707
-394.644165, 845.151245, 23.368425
-395.865540, 846.734802, 23.340691
-397.088806, 848.316528, 23.291176
-398.315002, 849.896790, 23.290720
-399.543823, 851.474854, 23.287079
-400.775604, 853.050171, 23.261951
-402.010956, 854.622803, 23.260845
-403.250610, 856.192566, 23.250805
-404.494720, 857.758423, 23.228756
-405.744141, 859.319824, 23.211792
-407.000061, 860.876282, 23.178022
-408.264038, 862.426086, 23.147243
-409.539185, 863.966797, 23.126797
-410.828857, 865.495178, 23.087662
-412.136353, 867.008301, 23.073402
-413.464600, 868.503296, 23.091934
-414.814941, 869.978210, 23.102989
-416.187103, 871.432861, 23.072020
-417.576843, 872.870667, 23.009226
-418.979401, 874.295959, 22.975075
-420.390472, 875.712830, 22.935221
-421.806396, 877.124817, 22.878336
-423.223969, 878.535400, 22.844952
-424.640137, 879.947144, 22.821398
-426.053894, 881.361572, 22.819118
-427.465637, 882.778198, 22.812323
-428.875793, 884.196228, 22.769661
-430.284943, 885.615112, 22.721331
-431.693970, 887.034546, 22.676872
-433.103149, 888.453796, 22.646488
-434.513184, 889.871826, 22.625032
-435.926453, 891.286072, 22.608896
-437.349060, 892.690979, 22.573538
-438.787415, 894.079712, 22.523077
-440.246582, 895.446350, 22.454260
-441.729034, 896.788208, 22.370552
-443.233459, 898.104919, 22.320822
-444.757172, 899.400391, 22.287634
-446.294952, 900.677307, 22.288996
-447.845490, 901.940186, 22.288033
-449.406006, 903.190674, 22.214808
-450.974670, 904.430420, 22.155703
-452.550659, 905.661255, 22.111979
-454.133057, 906.884644, 22.032454
-455.720093, 908.100708, 21.965345
-457.311859, 909.311646, 21.950085
-458.906952, 910.518127, 21.955738
-460.504517, 911.721130, 22.001986
-462.104248, 912.921509, 21.998314
-463.705231, 914.119629, 21.909613
-465.307739, 915.316711, 21.854031
-466.910309, 916.512695, 21.829529
-468.513458, 917.709290, 21.819265
-470.115295, 918.906616, 21.789757
-471.716431, 920.104248, 21.755142
-473.320038, 921.298218, 21.724035
-474.930939, 922.482666, 21.693146
-476.554352, 923.650330, 21.652937
-478.194580, 924.794067, 21.617823
-479.854065, 925.909241, 21.594015
-481.532898, 926.994385, 21.562401
-483.231995, 928.047058, 21.524445
-484.951202, 929.068115, 21.491047
-486.684814, 930.062134, 21.456549
-488.431122, 931.036194, 21.425434
-490.187408, 931.995422, 21.382454
-491.949036, 932.941833, 21.339205
-493.714722, 933.878418, 21.302235
-495.486938, 934.808838, 21.276232
-497.258789, 935.731201, 21.247709
-499.032745, 936.648438, 21.194094
-500.816223, 937.565125, 21.148790
-502.591461, 938.473206, 21.122883
-504.374512, 939.381470, 21.095366
-506.162354, 940.289001, 21.062988
-507.942932, 941.190247, 21.034206
-509.727051, 942.091309, 20.999290
-511.513214, 942.991699, 20.962946
-513.300476, 943.891235, 20.932362
-515.088318, 944.789856, 20.908035
-516.876404, 945.687622, 20.874010
-518.664551, 946.584717, 20.852438
-520.452820, 947.481079, 20.827477
-522.241028, 948.376953, 20.793814
-524.029297, 949.272400, 20.757353
-525.817627, 950.167603, 20.732996
-527.605957, 951.062500, 20.714399
-529.394348, 951.957397, 20.693430
-531.182861, 952.852173, 20.671017
-532.971436, 953.747070, 20.642578
-534.760010, 954.642090, 20.604824
-536.548584, 955.537292, 20.571096
-538.337158, 956.432678, 20.540810
-540.125610, 957.328369, 20.513130
-541.913940, 958.224365, 20.505299
-543.702087, 959.120728, 20.494383
-545.489990, 960.017517, 20.486460
-547.277588, 960.914795, 20.469061
-549.064880, 961.812683, 20.450377
-550.851807, 962.711182, 20.445282
-552.638306, 963.610352, 20.439362
-554.424438, 964.510376, 20.425047
-556.210083, 965.411377, 20.401621
-557.995300, 966.313354, 20.399132
-559.779968, 967.216553, 20.420727
-561.563965, 968.120972, 20.407120
-563.347412, 969.026733, 20.382870
-565.130188, 969.933777, 20.363789
-566.912170, 970.842163, 20.346251
-568.693298, 971.751831, 20.326286
-570.473328, 972.662598, 20.314184
-572.252014, 973.574646, 20.299271
-574.029175, 974.487671, 20.296461
-575.809082, 975.404053, 20.281530
-577.587646, 976.321777, 20.264399
-579.364014, 977.240356, 20.277925
-581.137634, 978.159607, 20.294571
-582.913696, 979.082336, 20.291857
-584.688477, 980.006592, 20.294203
-586.458923, 980.930969, 20.285450
-588.233032, 981.859680, 20.284260
-590.002808, 982.788696, 20.300556
-591.773560, 983.720886, 20.297768
-593.540405, 984.653870, 20.272327
-595.309814, 985.591187, 20.272419
-597.074768, 986.529297, 20.278261
-598.837524, 987.469604, 20.271568
-600.602112, 988.414612, 20.264105
-602.363831, 989.362061, 20.259594
-604.122803, 990.312256, 20.262148
-605.879944, 991.265930, 20.279688
-607.637817, 992.224121, 20.281231
-609.389771, 993.183167, 20.264025
-611.144287, 994.146912, 20.250069
-612.896179, 995.111389, 20.229109
-614.646851, 996.075256, 20.219564
-616.401367, 997.037842, 20.223499
-618.158203, 997.992737, 20.224363
-619.922302, 998.934265, 20.214310
-621.697388, 999.854370, 20.204691
-623.486450, 1000.748352, 20.180178
-625.289490, 1001.613525, 20.160927
-627.106812, 1002.448486, 20.154009
-628.937805, 1003.253174, 20.148636
-630.780762, 1004.029541, 20.146248
-632.633789, 1004.781128, 20.151960
-634.499817, 1005.499756, 20.145914
-636.377808, 1006.180359, 20.127371
-638.270447, 1006.833984, 20.120485
-640.166809, 1007.467163, 20.132448
-642.065125, 1008.086182, 20.140993
-643.973694, 1008.698059, 20.139473
-645.879883, 1009.301453, 20.132153
-647.786621, 1009.899109, 20.124559
-649.692078, 1010.491821, 20.110277
-651.605469, 1011.083374, 20.100842
-653.514221, 1011.670410, 20.093275
-655.433167, 1012.258301, 20.088459
-657.340942, 1012.840820, 20.083832
-659.253906, 1013.423340, 20.074858
-661.169495, 1014.005371, 20.047371
-663.086060, 1014.586548, 20.032209
-664.999512, 1015.165771, 20.041494
-666.913025, 1015.744141, 20.046457
-668.827515, 1016.322144, 20.051085
-670.742554, 1016.899475, 20.045393
-672.657898, 1017.476379, 20.034824
-674.573547, 1018.052734, 20.039997
-676.489380, 1018.628601, 20.020096
-678.405212, 1019.204041, 19.996756
-680.321167, 1019.779053, 19.939997
-682.237061, 1020.353638, 19.891724
-684.152893, 1020.927795, 19.875450
-686.068604, 1021.501465, 19.830328
-687.984436, 1022.074951, 19.784920
-689.901367, 1022.648315, 19.799679
-691.818665, 1023.221558, 19.845045
-693.736084, 1023.794495, 19.839096
-695.653259, 1024.367065, 19.791693
-697.569580, 1024.939209, 19.759386
-699.484070, 1025.510376, 19.718447
-701.400940, 1026.082031, 19.718151
-703.321411, 1026.654541, 19.712296
-705.235901, 1027.225098, 19.663630
-707.153748, 1027.796265, 19.614628
-709.068848, 1028.366333, 19.594759
-710.988342, 1028.937500, 19.570114
-712.904480, 1029.507202, 19.544800
-714.821350, 1030.076782, 19.517693
-716.738159, 1030.645752, 19.481956
-718.653748, 1031.213623, 19.453224
-720.571228, 1031.781250, 19.432499
-722.487305, 1032.347290, 19.398659
-724.406616, 1032.912598, 19.368479
-726.324524, 1033.475098, 19.367210
-728.240234, 1034.048096, 19.370581
-729.850159, 1035.133789, 19.324766
-730.478333, 1037.014160, 19.295500
-730.433899, 1039.007812, 19.267845
-730.186340, 1040.989380, 19.235081
-729.916565, 1042.968628, 19.199051
-729.641479, 1044.948242, 19.168121
-729.363708, 1046.931152, 19.137259
-729.085205, 1048.911133, 19.102896
-728.806580, 1050.886719, 19.071802
-728.526245, 1052.871094, 19.040916
-728.247009, 1054.845581, 19.006893
-727.965942, 1056.831787, 18.975380
-727.685486, 1058.812256, 18.944557
-727.405640, 1060.788086, 18.909912
-727.125244, 1062.766724, 18.879120
-726.844543, 1064.746582, 18.845400
-726.563660, 1066.727173, 18.813587
-726.282471, 1068.708496, 18.778856
-726.001038, 1070.690796, 18.748001
-725.719238, 1072.674683, 18.711048
-725.438416, 1074.650757, 18.679943
-725.157349, 1076.627197, 18.647825
-724.875854, 1078.605713, 18.612175
-724.593811, 1080.587158, 18.575249
-724.311157, 1082.571655, 18.538269
-724.029419, 1084.549072, 18.501410
-723.747559, 1086.525635, 18.466528
-723.464966, 1088.506348, 18.435425
-723.181641, 1090.491211, 18.398438
-722.899536, 1092.466553, 18.362389
-722.616821, 1094.444824, 18.325975
-722.333252, 1096.427734, 18.291288
-722.050110, 1098.406616, 18.254370
-721.767029, 1100.383789, 18.218214
-721.483032, 1102.365845, 18.181078
-721.199280, 1104.345337, 18.145035
-720.915649, 1106.322510, 18.106565
-720.631165, 1108.304565, 18.071894
-720.346985, 1110.283081, 18.033401
-720.062683, 1112.261108, 17.994917
-719.777527, 1114.243652, 17.956348
-719.492981, 1116.220459, 17.917889
-719.207947, 1118.199707, 17.879383
-718.922302, 1120.181396, 17.839924
-718.637207, 1122.157959, 17.795658
-718.351318, 1124.138306, 17.759958
-718.065430, 1126.117310, 17.717564
-717.779480, 1128.095581, 17.676500
-717.492798, 1130.076782, 17.630720
-717.206543, 1132.053833, 17.588112
-716.919678, 1134.033325, 17.543972
-716.632629, 1136.012573, 17.501650
-716.345459, 1137.990845, 17.462013
-716.057800, 1139.970825, 17.413813
-715.770203, 1141.948730, 17.370848
-715.482178, 1143.927734, 17.324644
-715.193909, 1145.906494, 17.282339
-714.905396, 1147.885010, 17.236147
-714.616577, 1149.863892, 17.189951
-714.327576, 1151.842163, 17.147652
-714.038269, 1153.820679, 17.101460
-713.748779, 1155.799072, 17.052166
-713.458984, 1157.777588, 17.005192
-713.169006, 1159.755737, 16.959007
-712.878784, 1161.734253, 16.912817
-712.588318, 1163.712402, 16.862745
-712.297668, 1165.690552, 16.813879
-712.006775, 1167.669067, 16.766483
-711.715820, 1169.646484, 16.713108
-711.424438, 1171.625366, 16.661959
-711.133057, 1173.603271, 16.606146
-710.841431, 1175.581055, 16.564350
-710.549500, 1177.559570, 16.510822
-710.257690, 1179.536499, 16.455318
-709.965332, 1181.515625, 16.400414
-709.673096, 1183.493164, 16.348434
-709.380615, 1185.470703, 16.300497
-709.087830, 1187.449463, 16.244566
-708.795288, 1189.425781, 16.190737
-708.502136, 1191.404785, 16.136835
-708.209045, 1193.382446, 16.082972
-707.915955, 1195.359375, 16.029121
-707.622375, 1197.338501, 15.975219
-707.329102, 1199.314819, 15.920157
-707.035400, 1201.293213, 15.863609
-706.741577, 1203.271362, 15.808670
-706.448120, 1205.246582, 15.752039
-706.153748, 1207.226685, 15.697227
-705.859802, 1209.203735, 15.639576
-705.565796, 1211.180176, 15.575883
-705.271240, 1213.159668, 15.524834
-704.977112, 1215.135742, 15.466234
-704.682739, 1217.113159, 15.403987
-704.388000, 1219.092285, 15.341686
-704.093689, 1221.067627, 15.279408
-703.798950, 1223.045898, 15.228190
-703.504089, 1225.024658, 15.159149
-703.209656, 1226.999634, 15.100555
-702.914734, 1228.978149, 15.035704
-702.619690, 1230.957031, 14.977991
-702.325073, 1232.932251, 14.916510
-702.030212, 1234.909546, 14.854952
-701.734924, 1236.889160, 14.793334
-701.440186, 1238.865356, 14.731821
-701.145691, 1240.839722, 14.670355
-700.850220, 1242.820679, 14.604800
-700.555237, 1244.798584, 14.543235
-700.260742, 1246.773193, 14.478760
-699.965942, 1248.750122, 14.415812
-699.670715, 1250.730103, 14.351869
-699.375854, 1252.707520, 14.289260
-699.081421, 1254.682495, 14.223887
-698.786865, 1256.657715, 14.155700
-698.491516, 1258.637939, 14.086476
-698.196411, 1260.616333, 14.022470
-697.901489, 1262.593140, 13.957330
-697.606689, 1264.568604, 13.892254
-697.311890, 1266.543091, 13.822415
-697.016357, 1268.521606, 13.750559
-696.720642, 1270.500366, 13.684810
-696.424866, 1272.478394, 13.625749
-696.128906, 1274.455688, 13.552139
-695.832825, 1276.432617, 13.484588
-695.536438, 1278.409180, 13.417578
-695.239746, 1280.385620, 13.349860
-694.942749, 1282.362061, 13.283041
-694.645203, 1284.338623, 13.215140
-694.347229, 1286.315308, 13.148487
-694.048645, 1288.291992, 13.079268
-693.749451, 1290.268799, 13.013933
-693.449585, 1292.245239, 12.944723
-693.148987, 1294.221313, 12.875523
-692.847595, 1296.196655, 12.807104
-692.545349, 1298.170532, 12.732270
-692.241882, 1300.145142, 12.671965
-691.936401, 1302.123657, 12.601687
-691.629883, 1304.099365, 12.527724
-691.322266, 1306.071045, 12.453890
-691.011658, 1308.048340, 12.379812
-690.699219, 1310.022339, 12.310497
-690.384155, 1311.995605, 12.248874
-690.066040, 1313.968628, 12.173585
-689.744080, 1315.942871, 12.103168
-689.418762, 1317.913208, 12.034172
-689.088989, 1319.882446, 11.969102
-688.753662, 1321.852783, 11.900097
-688.411865, 1323.823242, 11.831093
-688.062500, 1325.793579, 11.765988
-687.704712, 1327.758911, 11.697163
-687.335388, 1329.724609, 11.632212
-686.952148, 1331.686157, 11.566484
-686.550842, 1333.642334, 11.494414
-686.124023, 1335.595703, 11.426967
-685.662170, 1337.541138, 11.366366
-685.147278, 1339.471069, 11.311842
-684.542969, 1341.377075, 11.258238
-683.797546, 1343.231567, 11.228286
-682.916016, 1345.026123, 11.193696
-681.988525, 1346.797852, 11.166481
-681.043213, 1348.560425, 11.131690
-680.092529, 1350.319946, 11.104692
-679.143616, 1352.080200, 11.066019
-678.191833, 1353.838013, 11.023346
-677.227905, 1355.587158, 11.018025
-676.239014, 1357.318481, 11.005386
-675.213318, 1359.019775, 10.935128
-674.186401, 1360.719727, 10.898573
-673.210632, 1362.459106, 10.855557
-672.304565, 1364.241333, 10.806187
-671.449280, 1366.048828, 10.762858
-670.630127, 1367.871826, 10.714129
-669.844238, 1369.709229, 10.680882
-669.104248, 1371.565186, 10.649298
-668.479187, 1373.462646, 10.622859
-668.259583, 1375.441772, 10.599374
-668.785095, 1377.354614, 10.581735
-670.048218, 1378.894043, 10.572021
-671.594238, 1380.160645, 10.561265
-673.249756, 1381.282593, 10.551429
-674.959595, 1382.319824, 10.544905
-676.699158, 1383.305908, 10.538136
-678.458191, 1384.258057, 10.531291
-680.230408, 1385.185181, 10.525291
-682.011108, 1386.095337, 10.521358
-683.796448, 1386.996338, 10.517509
-685.584290, 1387.893555, 10.511346
-687.371704, 1388.789673, 10.506656
-689.158875, 1389.687500, 10.503161
-690.944580, 1390.587646, 10.498270
-692.729248, 1391.490967, 10.492253
-694.512939, 1392.396606, 10.484838
-696.295288, 1393.303955, 10.480159
-698.077026, 1394.212891, 10.469689
-699.857910, 1395.123169, 10.459697
-701.638000, 1396.034668, 10.448745
-703.417725, 1396.947632, 10.434376
-705.196472, 1397.861694, 10.419242
-706.974976, 1398.777954, 10.401837
-708.750977, 1399.697021, 10.385408
-710.524048, 1400.622559, 10.369463
-712.290161, 1401.559570, 10.353541
-714.045288, 1402.518433, 10.336327
-715.777710, 1403.517700, 10.324687
-717.473694, 1404.577026, 10.313333
-719.130737, 1405.696289, 10.306884
-720.766846, 1406.846191, 10.303502
-722.387573, 1408.017944, 10.303573
-723.994385, 1409.208496, 10.307393
-725.590637, 1410.413696, 10.312893
-727.178223, 1411.630005, 10.317626
-728.758301, 1412.856812, 10.322017
-730.330078, 1414.093262, 10.321672
-731.893555, 1415.340576, 10.319066
-733.447754, 1416.599609, 10.313433
-734.991150, 1417.871826, 10.307892
-736.522949, 1419.157593, 10.301467
-738.043579, 1420.457275, 10.297662
-739.551392, 1421.770752, 10.291829
-741.045288, 1423.100952, 10.287544
-742.519897, 1424.451782, 10.282024
-743.965515, 1425.834351, 10.280155
-745.361572, 1427.265747, 10.275231
-746.678894, 1428.770142, 10.269732
-747.880127, 1430.367920, 10.265058
-748.834961, 1432.121704, 10.255863
-749.476685, 1434.014404, 10.235275
-749.956238, 1435.955566, 10.210803
-750.343506, 1437.917236, 10.172698
-750.696472, 1439.885742, 10.132989
-751.050903, 1441.854004, 10.106763
-751.426514, 1443.818481, 10.104352
-751.863464, 1445.770020, 10.114410
-752.428589, 1447.687744, 10.132542
-753.136230, 1449.557861, 10.154902
-753.895935, 1451.408081, 10.177464
-754.657959, 1453.257324, 10.187772
-755.421082, 1455.106079, 10.188198
-756.281982, 1456.907837, 10.167536
-757.765198, 1458.221558, 10.126495
-759.567932, 1459.083130, 10.091801
-761.433105, 1459.805176, 10.076373
-763.315186, 1460.481812, 10.090508
-765.200073, 1461.149902, 10.123153
-767.061829, 1461.878906, 10.174886
-768.874756, 1462.721558, 10.210380
-770.549072, 1463.805420, 10.240112
-771.814209, 1465.346313, 10.258780
-772.963318, 1466.981567, 10.272159
-773.791687, 1468.791138, 10.279343
-774.326172, 1470.717896, 10.285316
-774.789856, 1472.664062, 10.290522
-775.226807, 1474.615723, 10.294225
-775.650696, 1476.570557, 10.297940
-776.067749, 1478.526489, 10.299611
-776.482300, 1480.483154, 10.303502
-776.896545, 1482.439941, 10.305214
-777.309204, 1484.396851, 10.307393
-777.717651, 1486.354736, 10.311284
-778.119385, 1488.314087, 10.312506
-778.511475, 1490.275269, 10.315175
-778.890381, 1492.239136, 10.319066
-779.251953, 1494.206421, 10.320046
-779.591675, 1496.177246, 10.323647
-779.910278, 1498.151611, 10.326848
-780.210876, 1500.129028, 10.331241
-780.497559, 1502.108276, 10.335052
-780.776550, 1504.088867, 10.338867
-781.057678, 1506.068970, 10.342680
-781.349731, 1508.047119, 10.346487
-781.651978, 1510.023926, 10.354086
-781.959717, 1511.999634, 10.357975
-782.267944, 1513.975708, 10.361868
-782.574646, 1515.952393, 10.369465
-782.881042, 1517.928711, 10.377154
-783.188721, 1519.905151, 10.380955
-783.498901, 1521.881226, 10.388643
-783.813354, 1523.856567, 10.396329
-784.134888, 1525.830444, 10.404010
-784.467163, 1527.802612, 10.411684
-784.809937, 1529.772827, 10.423241
-785.158813, 1531.741821, 10.431519
-785.505798, 1533.711426, 10.440535
-785.847534, 1535.682129, 10.450125
-786.193298, 1537.652100, 10.459896
-786.555176, 1539.619141, 10.471496
-786.954895, 1541.578857, 10.480676
-787.440796, 1543.518311, 10.490112
-788.084106, 1545.410889, 10.499981
-789.008911, 1547.178589, 10.509727
-790.311340, 1548.693481, 10.508516
-791.754639, 1550.077637, 10.502598
-793.255615, 1551.399536, 10.497060
-794.791748, 1552.680054, 10.496810
-796.359558, 1553.921631, 10.503345
-797.966431, 1555.112427, 10.513925
-799.622742, 1556.233154, 10.527715
-801.323303, 1557.286011, 10.534331
-803.042236, 1558.308472, 10.540856
-804.730286, 1559.380127, 10.540856
-806.274048, 1560.647217, 10.544747
-807.508545, 1562.213989, 10.549470
-808.404114, 1564.000122, 10.556420
-809.110168, 1565.870972, 10.559810
-809.719482, 1567.775879, 10.567002
-810.258057, 1569.701050, 10.570822
-810.745056, 1571.640991, 10.575875
-811.196594, 1573.588989, 10.579766
-811.623352, 1575.542358, 10.585769
-812.032898, 1577.500488, 10.589496
-812.430847, 1579.460571, 10.595331
-812.820740, 1581.422607, 10.599222
-813.204468, 1583.385498, 10.604613
-813.583496, 1585.349731, 10.609274
-813.958679, 1587.314087, 10.614786
-814.330811, 1589.279419, 10.619763
-814.700317, 1591.244995, 10.625293
-815.067749, 1593.211182, 10.631173
-815.433411, 1595.177368, 10.634931
-815.797180, 1597.143799, 10.642583
-816.159058, 1599.110718, 10.646346
-816.519043, 1601.078003, 10.653696
-816.877014, 1603.045532, 10.657764
-817.233154, 1605.013428, 10.665370
-817.587524, 1606.981934, 10.669190
-817.940186, 1608.950195, 10.676849
-818.291382, 1610.918945, 10.681753
-818.641296, 1612.888062, 10.688281
-818.990051, 1614.857422, 10.692607
-819.337952, 1616.827026, 10.699717
-819.685120, 1618.796875, 10.707381
-820.031738, 1620.766724, 10.715045
-820.377930, 1622.736694, 10.722712
-820.723755, 1624.706543, 10.726551
-821.069458, 1626.676514, 10.734150
-821.415039, 1628.646484, 10.741816
-821.760559, 1630.616455, 10.749480
-822.106262, 1632.586182, 10.757145
-822.452209, 1634.556152, 10.764810
-822.798096, 1636.525757, 10.772474
-823.143250, 1638.495239, 10.780137
-823.487000, 1640.465332, 10.787803
-823.828796, 1642.436279, 10.795472
-824.167847, 1644.405762, 10.803789
-824.504822, 1646.378540, 10.810811
-824.838623, 1648.348877, 10.820384
-825.170044, 1650.320312, 10.827395
-825.499023, 1652.292725, 10.837715
-825.825684, 1654.265625, 10.846425
-826.150269, 1656.238892, 10.856960
-826.473145, 1658.214111, 10.862597
-826.794067, 1660.188232, 10.872328
-827.112976, 1662.160400, 10.883893
-827.431458, 1664.139282, 10.891592
-827.747437, 1666.110718, 10.899264
-828.063293, 1668.088257, 10.910850
-828.377502, 1670.062012, 10.918530
-828.691040, 1672.037842, 10.926365
-829.003784, 1674.014404, 10.937799
-829.315430, 1675.989502, 10.945484
-829.626465, 1677.965576, 10.956930
-829.936584, 1679.941895, 10.964754
-830.245972, 1681.918213, 10.976017
-830.554443, 1683.894287, 10.984024
-830.862061, 1685.870728, 10.995102
-831.168945, 1687.848145, 11.003958
-831.474609, 1689.823486, 11.014191
-831.779663, 1691.801880, 11.025609
-832.083374, 1693.778564, 11.034158
-832.385925, 1695.756104, 11.043354
-832.687012, 1697.733154, 11.052218
-832.986816, 1699.712646, 11.063911
-833.284058, 1701.687988, 11.072716
-833.578796, 1703.664307, 11.080406
-833.870422, 1705.642456, 11.091994
-834.158081, 1707.625977, 11.099712
-834.438232, 1709.603760, 11.107408
-834.708618, 1711.584106, 11.115112
-834.961975, 1713.568359, 11.122834
-835.177368, 1715.555420, 11.128405
-835.251038, 1717.552490, 11.132296
-835.009277, 1719.535400, 11.132296
-834.556458, 1721.483276, 11.135902
-834.035156, 1723.414062, 11.145580
-833.435242, 1725.322021, 11.147860
-832.699097, 1727.180786, 11.143969
-831.740906, 1728.934204, 11.143969
-830.551636, 1730.540527, 11.143969
-829.214294, 1732.027100, 11.151022
-827.811890, 1733.452881, 11.155642
-826.394226, 1734.863770, 11.163424
-824.979431, 1736.277588, 11.171206
-823.569458, 1737.696289, 11.175591
-822.171753, 1739.126465, 11.186595
-820.854187, 1740.629395, 11.193678
-819.793945, 1742.322144, 11.203588
-818.972046, 1744.144531, 11.210679
-818.234619, 1746.003662, 11.214007
-817.507324, 1747.866577, 11.210635
-816.869385, 1749.761475, 11.202755
-816.426514, 1751.710693, 11.191787
-816.170776, 1753.693726, 11.184071
-816.040039, 1755.689209, 11.178988
-815.990356, 1757.688721, 11.181668
-815.994202, 1759.688721, 11.192130
-816.038818, 1761.688232, 11.201121
-816.121399, 1763.686523, 11.206225
-816.279907, 1765.679810, 11.210116
-816.599365, 1767.653198, 11.210116
-817.115234, 1769.584717, 11.243461
-817.776306, 1771.472046, 11.276145
-818.509644, 1773.332031, 11.297704
-819.274109, 1775.179932, 11.298544
-820.048096, 1777.024048, 11.299049
-820.823547, 1778.867920, 11.293375
-821.600830, 1780.710815, 11.295792
-822.381226, 1782.552368, 11.306164
-823.165710, 1784.392212, 11.328886
-823.955505, 1786.229736, 11.345959
-824.752075, 1788.064209, 11.343595
-825.557251, 1789.895020, 11.335054
-826.370850, 1791.721924, 11.338729
-827.192139, 1793.546021, 11.344809
-828.019226, 1795.366455, 11.335594
-828.850830, 1797.185547, 11.320791
-829.684204, 1799.004150, 11.312906
-830.514038, 1800.823364, 11.320379
-831.330444, 1802.649536, 11.317814
-832.109314, 1804.491333, 11.320833
-832.788696, 1806.370972, 11.382142
-833.196655, 1808.322998, 11.502108
-832.994629, 1810.298828, 11.572577
-832.189331, 1812.125854, 11.571814
-831.190918, 1813.858643, 11.570707
-830.154419, 1815.568726, 11.526564
-829.133179, 1817.287842, 11.471891
-828.158936, 1819.033447, 11.408904
-827.289978, 1820.833008, 11.329147
-826.651917, 1822.726074, 11.283642
-826.210388, 1824.676514, 11.325995
-825.866455, 1826.646484, 11.363527
-825.593811, 1828.627197, 11.381721
-825.388489, 1830.616211, 11.414278
-825.262451, 1832.612061, 11.448194
-825.214966, 1834.611572, 11.459980
-825.235840, 1836.610962, 11.451738
-825.309570, 1838.609741, 11.452253
-825.417236, 1840.606934, 11.463223
-825.548279, 1842.602539, 11.481531
-825.696045, 1844.597168, 11.499195
-825.855896, 1846.591431, 11.505276
-826.025146, 1848.583496, 11.512095
-826.212036, 1850.574219, 11.519985
-826.420837, 1852.562744, 11.534521
-826.646240, 1854.549316, 11.562971
-826.881531, 1856.534912, 11.580465
-827.122681, 1858.520996, 11.597522
-827.367004, 1860.505615, 11.617293
-827.613831, 1862.491699, 11.629875
-827.861877, 1864.475342, 11.648647
-828.111206, 1866.459595, 11.669003
-828.361328, 1868.443848, 11.683740
-828.612122, 1870.428345, 11.695067
-828.863403, 1872.412842, 11.710694
-829.114868, 1874.396606, 11.729818
-829.366577, 1876.380493, 11.744671
-829.618347, 1878.364746, 11.761528
-829.869995, 1880.348633, 11.790567
-830.121277, 1882.332520, 11.809689
-830.372253, 1884.316895, 11.819347
-830.622559, 1886.300781, 11.827460
-830.872192, 1888.285156, 11.844294
-831.120972, 1890.269409, 11.867901
-831.368896, 1892.253662, 11.901760
-831.615845, 1894.238892, 11.933650
-831.861694, 1896.223145, 11.957859
-832.106384, 1898.207764, 11.974793
-832.349976, 1900.192749, 11.989828
-832.592468, 1902.178223, 12.004558
-832.833740, 1904.164062, 12.017496
-833.073914, 1906.149170, 12.027822
-833.313416, 1908.134521, 12.041409
-833.552368, 1910.119873, 12.055467
-833.791016, 1912.105591, 12.076787
-834.029480, 1914.091309, 12.094337
-834.267944, 1916.076904, 12.115245
-834.506653, 1918.062500, 12.137057
-834.745667, 1920.047974, 12.163620
-834.985229, 1922.033447, 12.207366
-835.225403, 1924.018799, 12.248023
-835.466370, 1926.004150, 12.273225
-835.708313, 1927.989136, 12.293530
-835.951416, 1929.974121, 12.304246
-836.195801, 1931.958862, 12.338408
-836.441650, 1933.943359, 12.388471
-836.689148, 1935.927734, 12.439594
-836.938110, 1937.911865, 12.489178
-837.188354, 1939.895752, 12.526244
-837.439697, 1941.879395, 12.568397
-837.691772, 1943.863037, 12.605618
-837.944458, 1945.846436, 12.640167
-838.197510, 1947.829834, 12.686483
-838.450684, 1949.813232, 12.736774
-838.703613, 1951.796631, 12.793572
-838.956177, 1953.780029, 12.854099
-839.208130, 1955.763672, 12.903101
-839.459106, 1957.747192, 12.955155
-839.708984, 1959.730957, 13.006116
-839.957397, 1961.714722, 13.058101
-840.204224, 1963.698730, 13.098320
-840.449280, 1965.683105, 13.156170
-840.692261, 1967.667480, 13.229003
-840.933228, 1969.652344, 13.286456
-841.172241, 1971.637207, 13.351512
-841.409302, 1973.622314, 13.419329
-841.644531, 1975.607666, 13.497343
-841.877808, 1977.593262, 13.581250
-842.109314, 1979.579102, 13.656409
-842.338867, 1981.565186, 13.716470
-842.566589, 1983.551514, 13.762941
-842.792358, 1985.538208, 13.792686
-843.016113, 1987.524902, 13.818861
-843.237671, 1989.511719, 13.847056
-843.457092, 1991.498535, 13.888624
-843.674133, 1993.485229, 13.940919
-843.888855, 1995.473633, 14.000156
-844.100586, 1997.460693, 14.067868
-844.309570, 1999.448975, 14.136503
-844.515503, 2001.436279, 14.220646
-844.718628, 2003.425537, 14.295501
-844.918579, 2005.414062, 14.373075
-845.115662, 2007.402710, 14.448771
-845.309937, 2009.391602, 14.524668
-845.501526, 2011.381104, 14.613091
-845.690796, 2013.370605, 14.692145
-845.878052, 2015.360352, 14.764403
-846.063843, 2017.350098, 14.850070
-846.248535, 2019.340088, 14.931543
-846.432251, 2021.330566, 15.009498
-846.614014, 2023.320801, 15.085526
-846.793213, 2025.311768, 15.165491
-846.968750, 2027.302246, 15.236630
-847.139465, 2029.294312, 15.301088
-847.303711, 2031.286499, 15.354735
-847.459351, 2033.279053, 15.411499
-847.603149, 2035.272095, 15.478736
-847.731812, 2037.267090, 15.549445
-847.847107, 2039.262085, 15.635406
-847.955444, 2041.258789, 15.721472
-848.069275, 2043.255249, 15.785534
-848.211914, 2045.250000, 15.851232
-848.421631, 2047.236328, 15.909349
-848.717773, 2049.205566, 15.922084
-849.087708, 2051.154053, 15.910987
